100
1
0.831912162
0.683837913
0.02447549
0.855268041
0.929844827
0.981539931
0.026449454
0.120230173
0.565813997
0.042454064
0.394095056
0.68856258
0.976327642
0.750540882
0.60214392
0.811901746
0.399337354
0.145503119
0.224954464
0.641209326
0.281430346
0.600263912
0.06708129
0.462433811
0.010469693
0.709641223
0.796331994
0.43972055
0.753631614
0.813115214
0.836604671
0.026098827
0.334169977
0.300104188
0.364619209
0.048632152
0.367238889
0.357500833
0.215884214
0.915035494
0.577067242
0.198795958
0.802218699
0.437331433
0.391617197
0.48320706
0.707593045
0.008005062
0.290532534
0.054446086
0.545030704
0.908487188
0.053426803
0.550726448
0.980295201
0.460780475
0.298599774
0.20291752
0.71389364
0.31696043
0.271489446
0.36389859
0.874172635
0.123763866
0.634229159
0.159243051
0.147006106
0.477320557
0.304570306
0.264946418
0.70836745
0.589364107
0.009691091
0.025025372
0.589708628
0.348792498
0.540919545
0.428385229
0.280572688
0.516435169
0.132610344
0.006431209
0.791047841
0.354760449
0.959772769
0.284200871
0.605427999
0.454166897
0.013504437
0.404309612
0.807779439
0.019209531
0.716166949
0.369396221
0.091324786
0.513953057
0.937398614
0.918743206
0.823406452
0.112947515
